TT	PID	AT	CT	IO_D	WT	RT	TRT
9	10	9	1	23	0	0	1
10	1	1	10	0	0	0	10
10	6	6	5	0	0	0	5
10	36	5	5	0	6	0	6
16	7	6	11	14	0	0	11
27	14	16	12	5	0	0	12
33	5	5	29	0	0	0	29
33	39	21	12	0	13	0	13
33	38	17	16	0	17	0	17
39	37	14	18	0	8	8	26
47	11	9	8	7	31	3	39
47	19	26	22	0	0	0	22
48	44	47	1	0	1	1	2
48	3	4	20	11	25	30	45
51	30	31	21	0	0	0	21
65	23	27	17	0	22	21	39
69	22	27	28	0	15	15	43
71	12	10	19	21	54	4	62
72	35	34	37	0	2	3	39
72	46	71	10	0	2	0	2
72	45	66	15	0	1	1	7
72	42	41	31	0	12	10	32
72	43	44	28	0	29	0	29
77	31	31	8	0	39	28	47
77	32	31	47	25	0	0	47
78	26	29	6	0	44	1	50
88	40	25	18	0	46	15	64
88	33	32	35	0	22	20	57
88	48	77	11	0	1	1	12
88	47	76	12	0	13	0	13
88	50	81	7	0	8	0	8
88	49	80	8	0	9	0	9
88	51	86	2	0	3	0	3
91	20	26	22	3	44	6	66
99	29	31	22	36	47	47	69
104	41	27	16	0	62	62	78
104	52	90	14	0	15	0	15
105	2	3	22	8	81	8	103
105	28	29	8	1	69	71	77
116	16	18	18	12	81	5	99
137	27	29	8	6	101	6	109
139	18	25	18	7	97	1	115
147	25	28	16	20	104	5	120
159	24	28	21	17	111	1	132
169	4	5	21	21	144	4	165
172	13	14	25	10	134	5	159
189	9	8	36	3	146	9	182
189	15	17	48	16	125	66	173
195	34	34	16	15	146	89	162
200	8	7	43	26	151	4	194
218	21	26	43	23	150	75	193
243	17	22	35	25	187	6	222
Processes : 52
Avg WT = 46,		Avg RT = 12,		AvgTRT = 62
Migration %:		RTF= 11.538%,		MaxW = 26.923%
Work Steal: 15.385%
Forked Process: 32.692%
Killed Processes: 46.154%
Early Completed: 5.769%
Processors: 12 [3 FCFS, 3 SJF, 3 RR, 3 EDF]
Processors Load
p1 = 3.041%,	p2 = 2.243%,	p3 = 2.427%,	p4 = 2.581%,	p5 = 1.536%,	p6 = 1.720%,	p7 = 5.284%,	p8 = 1.782%,	p9 = 1.659%,	p10 = 2.366%,	p11 = 0.952%,	p12 = 0.123%

Processors Utilization
p1 = 42.857%,	p2 = 32.735%,	p3 = 34.199%,	p4 = 37.668%,	p5 = 22.727%,	p6 = 26.540%,	p7 = 74.459%,	p8 = 26.009%,	p9 = 23.789%,	p10 = 31.687%,	p11 = 13.420%,	p12 = 1.762%
Avg Utilization = 30.654%
