TT	PID	AT	CT	IO_D	WT	RT	TRT
22	38	14	8	0	1	1	9
22	36	5	9	0	9	9	18
22	39	15	7	0	2	2	8
22	40	19	3	0	4	0	4
22	41	19	4	0	4	0	4
31	8	10	19	0	3	3	22
32	20	22	8	0	3	3	11
47	14	12	22	5	14	14	36
47	12	11	37	22	0	0	37
51	44	39	12	0	1	1	13
51	45	40	11	0	12	0	12
53	18	20	22	0	12	12	34
61	37	11	39	0	12	12	51
61	46	41	20	0	21	0	21
61	42	35	26	0	27	0	27
78	49	64	14	0	1	1	15
78	28	29	23	0	27	27	50
78	50	69	9	0	10	0	10
84	5	6	28	11	51	28	79
87	47	54	9	0	25	25	34
88	9	10	39	0	40	9	79
91	15	13	44	25	35	35	79
95	2	1	14	11	81	12	95
99	48	57	12	0	31	31	43
99	56	89	10	0	11	0	11
99	55	88	11	0	12	0	12
107	31	32	18	13	58	58	76
109	16	14	32	14	64	69	96
110	4	5	5	3	101	10	106
111	43	38	13	0	61	19	74
118	60	113	5	0	1	1	6
118	1	1	33	14	85	15	118
118	59	106	12	0	13	0	13
130	34	34	23	0	74	48	97
136	6	9	42	37	86	76	128
137	51	70	21	0	47	42	68
137	61	127	10	0	11	0	11
137	63	135	2	0	3	0	3
146	33	34	40	0	73	58	113
146	62	130	16	0	17	0	17
149	11	11	26	15	113	2	139
155	22	23	50	0	83	10	133
168	3	2	31	17	136	4	167
175	66	156	13	0	7	7	20
175	68	164	11	0	12	0	12
175	69	168	7	0	8	0	8
177	65	150	19	0	9	1	28
185	32	34	27	23	125	20	152
186	13	12	36	34	139	11	175
186	52	77	14	0	104	13	110
186	57	90	13	0	97	0	97
197	7	9	21	15	168	16	189
199	71	184	15	0	1	1	16
199	73	188	11	0	12	0	12
208	26	25	15	21	169	6	184
211	30	30	5	25	177	50	182
216	72	188	16	0	13	12	29
216	74	214	2	0	1	1	3
217	54	87	32	0	99	51	131
226	35	35	11	8	181	8	192
227	25	25	12	8	191	27	203
232	29	29	34	19	170	15	204
232	75	230	2	0	3	0	3
238	53	83	21	0	135	135	156
244	70	181	18	0	46	6	64
244	76	240	4	0	1	1	5
248	23	24	43	25	182	26	225
251	67	158	22	0	72	20	94
255	64	141	4	0	111	111	115
256	58	105	9	0	143	32	152
268	10	10	39	31	220	6	259
280	17	15	47	25	219	49	266
280	78	257	23	0	1	1	24
280	24	24	25	20	232	22	257
280	77	252	28	0	29	0	29
280	79	260	20	0	21	0	21
280	80	275	5	0	6	0	6
289	27	27	9	29	254	62	263
289	82	288	1	0	1	1	2
289	81	285	4	0	5	0	5
307	21	22	41	19	245	57	286
314	19	21	29	21	265	40	294
Processes : 82
Avg WT = 65,		Avg RT = 17,		AvgTRT = 81
Migration %:		RTF= 1.220%,		MaxW = 0.000%
Work Steal: 37.805%
Forked Process: 57.317%
Killed Processes: 32.927%
Early Completed: 0.000%
Processors: 8 [3 FCFS, 2 SJF, 2 RR, 1 EDF]
Processors Load
p1 = 3.262%,	p2 = 3.668%,	p3 = 2.781%,	p4 = 2.270%,	p5 = 2.766%,	p6 = 1.684%,	p7 = 1.909%,	p8 = 1.248%

Processors Utilization
p1 = 85.433%,	p2 = 89.706%,	p3 = 68.015%,	p4 = 58.077%,	p5 = 62.162%,	p6 = 40.288%,	p7 = 44.718%,	p8 = 28.621%
Avg Utilization = 59.627%
