TT	PID	AT	CT	IO_D	WT	RT	TRT
9	10	9	1	23	0	0	1
10	1	1	10	0	0	0	10
10	6	6	5	0	0	0	5
10	36	5	5	0	6	0	6
10	37	7	3	0	4	0	4
16	7	6	11	14	0	0	11
36	3	4	20	11	13	18	33
36	40	30	6	0	7	0	7
44	14	16	12	5	17	20	29
45	26	29	6	0	11	2	17
47	31	31	8	0	9	3	17
47	19	26	22	0	0	0	22
50	20	26	22	3	3	6	25
51	30	31	21	0	0	0	21
52	5	5	29	0	19	32	48
52	29	31	22	36	0	0	22
52	43	46	6	0	7	0	7
58	28	29	8	1	22	24	30
61	39	22	34	0	6	6	40
61	44	48	13	0	12	12	14
64	23	27	17	0	21	21	38
66	33	32	35	0	0	0	35
68	2	3	22	8	44	8	66
69	22	27	28	0	15	15	43
70	11	9	8	7	54	3	62
71	12	10	19	21	54	4	62
72	38	15	17	0	47	47	58
86	41	34	14	0	39	39	53
86	47	74	12	0	13	0	13
101	42	46	38	0	18	18	56
101	46	65	36	0	37	0	37
101	49	94	15	0	1	1	8
101	48	78	23	0	9	9	24
101	50	100	9	0	2	0	2
103	45	56	16	0	32	6	48
103	35	34	37	0	33	33	70
117	16	18	18	12	82	5	100
143	25	28	16	20	100	1	116
145	27	29	8	6	109	6	117
148	24	28	21	17	100	109	121
152	18	25	18	7	110	1	128
155	9	8	36	3	112	9	148
183	4	5	21	21	158	4	179
189	13	14	25	10	151	5	176
202	8	7	43	26	153	4	196
204	15	17	48	16	140	66	188
235	21	26	43	23	167	76	210
247	32	31	47	25	170	7	217
249	34	34	16	15	200	17	216
250	17	22	35	25	194	88	229
Processes : 50
Avg WT = 50,		Avg RT = 14,		AvgTRT = 67
Migration %:		RTF= 20.000%,		MaxW = 28.000%
Work Steal: 10.000%
Forked Process: 30.000%
Killed Processes: 48.000%
Early Completed: 8.000%
Processors: 12 [3 FCFS, 3 SJF, 3 RR, 3 EDF]
Processors Load
p1 = 2.895%,	p2 = 2.334%,	p3 = 2.777%,	p4 = 2.275%,	p5 = 1.743%,	p6 = 1.270%,	p7 = 5.229%,	p8 = 1.595%,	p9 = 2.363%,	p10 = 0.886%,	p11 = 2.127%,	p12 = 0.620%

Processors Utilization
p1 = 40.496%,	p2 = 34.348%,	p3 = 41.593%,	p4 = 31.818%,	p5 = 25.652%,	p6 = 18.696%,	p7 = 73.140%,	p8 = 25.234%,	p9 = 36.697%,	p10 = 12.821%,	p11 = 31.304%,	p12 = 9.130%
Avg Utilization = 31.744%
