TT	PID	AT	CT	IO_D	WT	RT	TRT
24	4	5	5	3	15	2	20
47	12	11	37	22	0	0	37
52	28	29	23	0	1	16	24
52	43	34	17	0	19	0	19
52	45	43	8	0	10	0	10
61	11	11	26	15	25	38	51
62	42	18	8	0	37	37	45
62	23	24	43	25	39	0	39
63	20	22	8	0	34	8	42
65	2	1	14	11	51	12	65
72	1	1	33	14	39	51	72
73	3	2	31	17	41	3	72
73	41	15	18	0	59	0	59
73	44	40	12	0	34	0	34
73	40	12	21	0	50	19	62
75	31	32	18	13	26	2	44
76	19	21	29	21	27	27	56
81	49	74	7	0	1	1	8
81	51	78	3	0	4	0	4
84	46	66	8	0	11	11	19
84	50	78	6	0	1	1	7
89	47	66	5	0	19	19	24
95	34	34	23	0	39	39	62
103	14	12	22	5	70	3	92
104	30	30	5	25	70	23	75
106	33	34	40	0	33	4	73
114	38	4	29	0	82	19	111
114	5	6	28	11	81	12	109
117	6	9	42	37	67	17	109
118	26	25	15	21	79	4	94
125	18	20	22	0	84	84	106
126	36	1	32	0	94	1	126
126	39	9	24	0	118	0	118
127	7	9	21	15	98	6	119
130	8	10	19	0	102	1	121
131	35	35	11	8	86	5	97
132	9	10	39	0	84	2	123
145	16	14	32	14	100	10	132
148	25	25	12	8	112	39	124
156	57	145	11	0	1	1	12
156	59	149	7	0	8	0	8
157	58	148	8	0	2	1	10
166	55	128	28	0	11	1	39
166	60	161	5	0	1	1	6
184	37	3	30	0	152	124	182
184	62	183	1	0	1	1	2
184	61	171	13	0	1	1	14
184	56	130	26	0	45	3	55
188	48	67	4	0	118	118	122
189	54	107	7	0	76	1	83
194	52	94	20	0	81	1	101
202	22	23	50	0	130	130	180
204	15	13	44	25	148	64	192
209	53	99	15	0	96	96	111
209	63	200	9	0	1	1	10
215	27	27	9	29	180	47	189
217	13	12	36	34	170	114	206
220	29	29	34	19	158	2	192
223	32	34	27	23	163	62	190
248	24	24	25	20	200	83	225
262	21	22	41	19	200	11	241
273	10	10	39	31	225	73	264
299	17	15	47	25	256	195	285
Processes : 63
Avg WT = 69,		Avg RT = 26,		AvgTRT = 87
Migration %:		RTF= 14.286%,		MaxW = 60.317%
Work Steal: 9.524%
Forked Process: 44.444%
Killed Processes: 38.095%
Early Completed: 1.587%
Processors: 8 [3 FCFS, 2 SJF, 2 RR, 1 EDF]
Processors Load
p1 = 3.621%,	p2 = 1.485%,	p3 = 1.684%,	p4 = 3.006%,	p5 = 1.974%,	p6 = 3.712%,	p7 = 3.694%,	p8 = 1.774%

Processors Utilization
p1 = 74.627%,	p2 = 34.167%,	p3 = 38.912%,	p4 = 60.364%,	p5 = 39.636%,	p6 = 77.947%,	p7 = 76.692%,	p8 = 35.636%
Avg Utilization = 54.748%
